song_name,song_artist,keywords,listen_time
Across The Sea,Weezer,"sea,across,pinkerton",1
