song_name,song_artist,keywords,listen_time
Missing,Evanescence,"missing,home,anywhere",1
