song_name,song_artist,keywords,listen_time
Brand New Key,Melanie,"brand new key,greatest hits,beautiful people,melanie",1
